637 538
652 383
641 298
803 295
818 389
808 513
714 521
709 444
700 334
842 331
843 420
848 546
847 606
931 599
933 527
930 446
928 340
926 310
1039 305
1062 400
1071 484
1059 559
1059 627
1155 621
1154 545
1151 484
1150 431
1161 327
1213 325
1215 421
1204 522
1213 607
1582 702
416 189
457 194
466 252
476 324
481 362
479 388
477 415
481 444
495 507
506 575
512 602
565 617
582 593
583 549
570 501
569 457
564 428
563 402
563 383
565 368
568 343
570 316
564 256
558 222
569 205
608 214
628 218
659 257
658 315
658 351
658 393
658 431
648 494
639 551
663 616
714 624
758 608
752 571
730 532
722 503
734 488
755 474
765 430
749 405
733 380
723 338
740 303
738 270
718 238
719 216
719 192
729 159
780 159
799 166
792 184
769 225
777 255
786 285
796 312
803 348
803 406
804 436
811 508
812 528
812 588
826 626
858 636
886 638
905 625
912 601
920 570
928 519
922 473
895 413
889 362
913 302
926 247
939 212
972 237
982 284
983 299
976 325
973 354
974 386
974 411
974 425
975 443
975 457
971 492
971 541
971 563
971 603
977 617
1013 620
1045 618
1047 587
1061 557
1070 514
1084 475
1045 444
1043 415
1048 355
1038 294
1033 233
1054 200
1097 199
1119 202
1127 219
1135 265
1130 303
1126 364
1123 425
1121 483
1127 547
1127 606
1143 633
1188 634
1207 625
1209 599
1190 535
1183 495
1180 430
1173 373
1155 296
1143 230
1163 194
1192 206
1212 254
1210 305
1190 311
1195 370
1197 395
1199 427
1199 469
1199 501
1200 574
1202 615
1212 646
1303 656
1348 644
1372 636
1363 594
1347 537
1343 461
1328 367
1317 289
1304 234
1302 210
1374 208
1432 277
1434 344
1424 408
1419 485
1416 592
1420 632
1506 633
1542 623
1512 573
1502 470
1489 388
1513 298
1504 222
1218 202
453 216
356 382
364 530
361 632
376 607
387 459
381 244
482 661
891 1008
979 1079
944 1061
1013 1028
1094 956
1061 955
994 977
994 977
847 534
943 673
1133 714
967 1079
959 1067
959 1067
1027 1009
1071 982
1071 982
1227 611
1222 536
1217 448
1211 369
1216 297
1226 184
1346 192
1351 272
1351 347
1349 427
1355 492
1355 557
1347 633
1470 640
1470 552
1463 396
1457 342
1463 243
1469 176
1476 130
533 138
529 232
502 353
492 465
487 550
509 599
516 647
411 616
413 503
408 359
384 194
314 295